%YAML:1.0

#camera calibration 
model_type: PINHOLE
camera_name: camera
image_width: 848
image_height: 480
# Calibrated on 03/27/2024     distortion_coeffs: [0.003506196721831073, 0.004274596564207711, 0.001226709150679054, 0.000995587098701714]

distortion_parameters:
   k1: 0.003506196721831073
   k2: 0.004274596564207711
   p1: 0.001226709150679054
   p2: 0.000995587098701714
# Calibrated on 03/27/2024      intrinsics: [432.3499312331258, 433.50131736226524, 429.68603419309045, 241.82566707223353]
projection_parameters:
   fx: 432.3499312331258
   fy: 433.50131736226524
   cx: 429.68603419309045
   cy: 241.82566707223353