%YAML:1.0

#camera calibration 
model_type: PINHOLE
camera_name: camera
image_width: 1280
image_height: 800

distortion_parameters:
   k1: 0.01125003368912136
   k2: -0.0066739941404005375
   p1: -0.0011188429970751903
   p2: 0.00223332055890725

projection_parameters:
   fx: 653.4007586914774
   fy: 654.0563129136318
   cx: 652.9389157793469
   cy: 399.33829179170283