%YAML:1.0

#camera calibration 
model_type: PINHOLE
camera_name: camera
image_width: 1280
image_height: 800

distortion_parameters:
   k1: -0.002651197536665843
   k2: -0.0042655478374379625
   p1: 0.0003376008893797588
   p2: 0.0008858234766777197

projection_parameters:
   fx: 645.3893237690104
   fy: 644.8294872804806
   cx: 644.2987987801165
   cy: 402.2239499493368